image_width: 752
image_height: 480
camera_name: camera1
camera_matrix:
  rows: 3
  cols: 3
  data: [485.903846, 0.000000, 403.336809, 0.000000, 487.506238, 200.224971, 0.000000, 0.000000, 1.000000]
distortion_model: plumb_bob
distortion_coefficients:
  rows: 1
  cols: 5
  data: [-0.307224, 0.083039, 0.000799, -0.000320, 0.000000]
rectification_matrix:
  rows: 3
  cols: 3
  data: [1.000000, 0.000000, 0.000000, 0.000000, 1.000000, 0.000000, 0.000000, 0.000000, 1.000000]
projection_matrix:
  rows: 3
  cols: 4
  data: [376.439423, 0.000000, 416.962245, 0.000000, 0.000000, 442.276093, 192.692576, 0.000000, 0.000000, 0.000000, 1.000000, 0.000000]
