image_width: 752
image_height: 480
camera_name: camera3
camera_matrix:
  rows: 3
  cols: 3
  data: [490.370692, 0.000000, 391.602853, 0.000000, 490.523223, 190.075099, 0.000000, 0.000000, 1.000000]
distortion_model: plumb_bob
distortion_coefficients:
  rows: 1
  cols: 5
  data: [-0.341436, 0.140082, 0.004210, -0.001217, 0.000000]
rectification_matrix:
  rows: 3
  cols: 3
  data: [1.000000, 0.000000, 0.000000, 0.000000, 1.000000, 0.000000, 0.000000, 0.000000, 1.000000]
projection_matrix:
  rows: 3
  cols: 4
  data: [397.340820, 0.000000, 390.643806, 0.000000, 0.000000, 443.150818, 182.557310, 0.000000, 0.000000, 0.000000, 1.000000, 0.000000]
