image_width: 752
image_height: 480
camera_name: camera2
camera_matrix:
  rows: 3
  cols: 3
  data: [495.265641, 0.000000, 390.025985, 0.000000, 495.120507, 196.327683, 0.000000, 0.000000, 1.000000]
distortion_model: plumb_bob
distortion_coefficients:
  rows: 1
  cols: 5
  data: [-0.314664, 0.096484, -0.001024, 0.000153, 0.000000]
rectification_matrix:
  rows: 3
  cols: 3
  data: [1.000000, 0.000000, 0.000000, 0.000000, 1.000000, 0.000000, 0.000000, 0.000000, 1.000000]
projection_matrix:
  rows: 3
  cols: 4
  data: [391.985382, 0.000000, 396.258124, 0.000000, 0.000000, 448.831177, 187.530244, 0.000000, 0.000000, 0.000000, 1.000000, 0.000000]
