image_width: 752
image_height: 480
camera_name: camera0
camera_matrix:
  rows: 3
  cols: 3
  data: [490.741038, 0.000000, 351.258877, 0.000000, 491.140035, 203.184708, 0.000000, 0.000000, 1.000000]
distortion_model: plumb_bob
distortion_coefficients:
  rows: 1
  cols: 5
  data: [-0.304215, 0.089167, -0.000496, -0.000288, 0.000000]
rectification_matrix:
  rows: 3
  cols: 3
  data: [1.000000, 0.000000, 0.000000, 0.000000, 1.000000, 0.000000, 0.000000, 0.000000, 1.000000]
projection_matrix:
  rows: 3
  cols: 4
  data: [388.517456, 0.000000, 338.819588, 0.000000, 0.000000, 447.426666, 195.913912, 0.000000, 0.000000, 0.000000, 1.000000, 0.000000]
