image_width: 752
image_height: 480
camera_name: camera4
camera_matrix:
  rows: 3
  cols: 3
  data: [483.176008, 0.000000, 363.007773, 0.000000, 483.370342, 212.039946, 0.000000, 0.000000, 1.000000]
distortion_model: plumb_bob
distortion_coefficients:
  rows: 1
  cols: 5
  data: [-0.323745, 0.111976, 0.000858, 0.000101, 0.000000]
rectification_matrix:
  rows: 3
  cols: 3
  data: [1.000000, 0.000000, 0.000000, 0.000000, 1.000000, 0.000000, 0.000000, 0.000000, 1.000000]
projection_matrix:
  rows: 3
  cols: 4
  data: [382.051758, 0.000000, 358.178852, 0.000000, 0.000000, 439.042114, 206.559119, 0.000000, 0.000000, 0.000000, 1.000000, 0.000000]
